sID	Order	strength_1_4	strength_1_8	strength_2_4	strength_2_8	strength_3_4	strength_3_8	strength_4_4	strength_4_8	strength_5_8	strength_6_8	strength_7_8	strength_8_8	Desktop_Confirmation	Attention_Confirmation	Age	Sex	Technical_issues	Duration (sek)	sID_cond
2107	eight_four	25	19	74	39	77	41	26	85	88	54	41	19	1	1	56	2	I didn't find any problems.	556	1
2108	eight_four	48	49	48	49	48	49	48	49	49	49	49	49	1	1	27	2	-99	125	2
2111	eight_four	55	52	55	52	56	53	55	53	54	52	54	54	1	1	34	1	-99	112	3
2114	eight_four	100	100	100	100	100	100	100	100	100	100	100	100	1	1	29	1	No technical issues.	144	4
2115	eight_four	99	99	99	99	99	99	100	99	99	99	99	99	1	1	38	2	-99	128	5
2116	eight_four	82	88	70	68	56	58	43	58	54	46	43	47	1	1	20	1	-99	130	6
2118	eight_four	40	71	43	65	40	68	31	49	59	58	50	54	1	1	36	2	-99	439	7
2121	eight_four	55	33	67	33	58	45	65	78	73	63	34	25	1	1	18	2	No errors	283	8
2124	eight_four	49	50	49	50	49	51	49	52	53	49	52	51	1	1	30	1	Several spelling and grammar errors  Strongly  instead of  Strong  etc.	169	9
2125	eight_four	48	51	47	51	47	51	48	51	51	51	51	51	1	1	37	2	-99	166	10
2128	eight_four	99	100	89	76	87	75	89	75	75	75	75	75	1	1	23	1	-99	129	11
2130	eight_four	100	100	99	100	99	100	100	100	100	100	100	100	1	1	40	2	-99	161	12
2133	eight_four	97	97	98	98	98	98	96	98	98	98	99	99	1	1	31	1	-99	173	13
2134	eight_four	99	96	70	85	78	78	86	70	63	53	38	39	1	1	31	2	-99	92	14
2135	eight_four	47	48	47	48	47	48	46	48	47	48	48	48	1	1	20	1	-99	249	15
2136	eight_four	58	48	59	47	57	48	58	47	47	47	47	48	1	1	24	2	-99	164	16
2140	eight_four	64	73	56	75	72	80	82	84	87	95	96	98	1	1	29	1	-99	231	17
2141	eight_four	98	100	94	90	92	84	99	84	90	82	91	82	1	1	29	2	N/A	213	18
2142	eight_four	64	81	53	69	46	69	35	63	61	58	47	35	1	1	36	1	It was actually quite difficult to judge the strength of the causal links because there was no way of knowing how strong the links were. It was very abstract and could've been anything.	491	19
2144	eight_four	60	60	60	61	60	60	60	61	61	60	60	61	1	1	21	1	-99	195	20
2148	eight_four	64	91	65	56	64	57	30	63	57	53	25	55	1	1	39	2	-99	112	21
2151	eight_four	72	88	58	72	49	58	12	46	17	34	25	11	1	1	24	1	-99	138	22
2153	eight_four	69	27	71	40	69	63	38	59	46	51	50	64	1	1	35	2	-99	165	23
2154	eight_four	54	96	55	44	62	86	53	60	65	67	49	42	1	1	19	2	-99	155	24
2157	eight_four	36	11	35	32	35	5	30	5	5	31	10	16	1	1	29	1	-99	1504	25
2158	eight_four	60	58	51	61	48	53	62	48	47	55	55	52	1	1	23	2	none	116	26
2159	eight_four	78	65	78	65	77	65	77	65	65	65	65	65	1	1	43	2	-99	168	27
2164	eight_four	86	85	76	65	48	61	31	56	44	39	25	37	1	1	32	2	-99	92	28
2165	eight_four	72	76	72	76	72	76	72	76	76	76	76	76	1	1	45	1	-99	177	29
2171	eight_four	62	67	36	35	36	35	62	36	35	35	37	68	1	1	44	1	-99	122	30
2172	eight_four	51	52	50	49	52	52	51	52	49	49	50	52	1	1	38	2	-99	211	31
2173	eight_four	99	99	100	99	100	99	99	99	100	99	99	99	1	1	32	1	-99	144	32
2176	eight_four	37	47	46	46	46	43	59	48	54	63	66	61	1	1	24	2	-99	158	33
2177	eight_four	70	99	73	82	91	95	92	74	71	58	51	76	1	1	25	2	-99	304	34
2178	eight_four	49	50	49	50	49	52	49	50	48	51	47	52	1	1	35	1	-99	95	35
2179	eight_four	100	100	100	98	100	99	100	99	100	99	100	100	1	1	40	2	-99	181	36
2180	eight_four	48	50	48	49	48	51	49	50	51	48	50	49	1	1	45	2	-99	240	37
2185	eight_four	88	93	75	86	65	84	47	76	50	43	23	16	1	1	22	2	n/a	178	38
2186	eight_four	100	99	100	100	99	100	100	100	100	99	99	99	1	1	21	2	2 of the spelling of  strong  on the sliders said strongly instead	140	39
2188	eight_four	57	21	67	30	81	40	94	47	59	66	75	82	1	1	53	2	No errors encountered	361	40
2191	eight_four	52	53	53	51	52	51	53	52	53	52	52	53	1	1	28	2	-99	473	41
2192	eight_four	92	89	83	78	73	62	58	61	47	43	38	30	1	1	41	2	-99	269	42
2194	eight_four	50	48	50	48	50	49	50	48	48	48	49	48	1	1	25	2	-99	150	43
2196	eight_four	68	67	66	68	67	67	69	67	67	67	68	67	1	1	29	2	-99	83	44
2199	eight_four	47	51	48	53	48	50	49	51	51	50	52	52	1	1	60	1	-99	124	45
2202	eight_four	50	49	50	50	51	50	51	50	51	49	50	50	1	1	53	2	-99	248	46
2203	eight_four	47	49	49	53	47	51	47	51	53	52	54	53	1	1	22	2	-99	105	47
2207	eight_four	86	92	32	88	52	73	3	42	39	34	19	13	1	1	32	1	I did not see any technical errors, I would have enjoyed it more if the links were to indicate the flow in a bolder way.	751	48
2210	eight_four	99	99	88	80	81	73	78	67	24	27	17	11	1	1	33	1	N/A	194	49
2212	eight_four	99	99	99	99	99	99	99	98	99	99	100	99	1	1	38	2	-99	97	50
2109	four_eight	100	99	100	99	99	99	98	98	99	99	98	98	1	1	24	2	-99	109	1
2110	four_eight	73	80	73	81	74	81	73	81	80	81	81	80	1	1	25	2	None.	112	2
2112	four_eight	76	86	68	72	59	54	52	53	50	40	18	28	1	1	18	2	-99	86	3
2113	four_eight	51	48	50	48	50	48	50	49	48	48	48	48	1	1	30	1	The slider scales were possibly inconsistent. I attempted to provide the same answer for each causal link ('50/50') but visually appeared slightly different.	165	4
2117	four_eight	89	96	71	90	60	80	45	52	39	29	21	12	1	1	19	1	-99	144	5
2119	four_eight	84	38	85	38	84	38	85	38	38	39	39	39	1	1	29	1	-99	114	6
2120	four_eight	49	47	49	48	49	48	49	46	47	47	48	47	1	1	46	1	I didn't see any errors.	178	7
2122	four_eight	100	100	100	100	100	100	100	100	100	100	100	100	1	1	37	1	No errors	223	8
2123	four_eight	99	99	100	100	100	100	100	99	100	100	100	100	1	1	32	1	-99	106	9
2126	four_eight	43	62	69	42	47	48	61	59	44	41	40	48	1	1	27	1	-99	62	10
2127	four_eight	100	21	15	7	53	92	57	47	43	20	41	100	1	1	33	2	-99	176	11
2129	four_eight	79	80	77	78	74	80	76	80	80	78	80	79	1	1	31	1	-99	118	12
2131	four_eight	77	91	79	88	63	94	34	71	76	70	70	31	1	1	28	1	-99	254	13
2132	four_eight	61	50	44	37	45	31	20	30	13	2	18	3	1	1	32	2	-99	148	14
2138	four_eight	95	92	83	79	65	66	52	51	37	17	26	9	1	1	20	1	n/a	92	15
2139	four_eight	98	98	98	97	98	97	97	97	96	96	97	97	1	1	31	2	-99	135	16
2143	four_eight	100	100	99	99	100	100	100	100	100	99	100	100	1	1	29	2	-99	89	17
2145	four_eight	88	33	89	34	90	33	89	35	35	34	34	34	1	1	40	2	-99	115	18
2146	four_eight	100	98	100	100	99	99	100	99	99	95	99	96	1	1	32	2	-99	121	19
2147	four_eight	93	93	84	88	69	72	57	65	53	39	25	14	1	1	23	2	-99	158	20
2149	four_eight	100	100	87	89	80	73	64	60	55	36	23	9	1	1	27	2	-99	212	21
2150	four_eight	50	50	50	50	50	50	50	50	50	50	50	50	1	1	49	2	It was impossible to know the answer.	357	22
2152	four_eight	42	49	42	49	44	47	44	46	46	47	47	47	1	1	62	2	-99	244	23
2155	four_eight	64	81	66	78	66	80	65	79	79	79	81	78	1	1	28	1	I didn't spot any errors	110	24
2156	four_eight	99	96	100	98	100	95	100	96	97	95	98	98	1	1	44	1	There were no errors during the study.	318	25
2160	four_eight	94	97	92	98	93	97	93	99	99	95	96	98	1	1	46	2	NA	132	26
2161	four_eight	100	100	100	98	100	100	100	100	100	100	100	100	1	1	34	2	-99	78	27
2163	four_eight	85	80	53	82	29	73	17	77	53	39	30	16	1	1	29	2	-99	196	28
2166	four_eight	61	77	33	42	46	50	42	40	55	48	52	63	1	1	25	2	-99	222	29
2167	four_eight	80	75	87	82	66	78	80	95	72	83	90	81	1	1	23	1	-99	252	30
2168	four_eight	84	88	83	87	83	87	84	89	86	89	90	87	1	1	30	2	-99	102	31
2169	four_eight	64	88	54	29	36	19	31	42	17	10	5	2	1	1	55	2	-99	264	32
2170	four_eight	48	46	48	46	48	47	48	47	47	46	46	46	1	1	49	1	No errors, thanks for a thought provoking survey!	301	33
2174	four_eight	64	34	64	33	63	33	66	35	34	35	33	34	1	1	33	2	No errors	200	34
2175	four_eight	100	100	99	100	100	99	99	100	100	100	100	100	1	1	51	2	-99	278	35
2181	four_eight	100	99	100	100	99	100	99	99	99	100	99	99	1	1	50	2	-99	185	36
2182	four_eight	90	86	91	78	84	74	82	68	63	45	60	58	1	1	26	2	-99	144	37
2183	four_eight	100	51	88	63	51	49	30	46	34	39	23	22	1	1	39	1	-99	94	38
2187	four_eight	100	100	100	100	100	100	100	100	100	100	100	100	1	1	42	1	-99	197	39
2189	four_eight	100	100	100	100	100	100	100	100	100	100	100	100	1	1	27	1	-99	142	40
2193	four_eight	67	72	67	72	67	71	67	71	71	72	71	71	1	1	28	2	-99	127	41
2195	four_eight	85	87	86	89	85	86	84	85	89	88	89	87	1	1	31	2	-99	120	42
2197	four_eight	100	98	81	86	68	75	49	59	48	41	29	13	1	1	28	2	n/a	233	43
2198	four_eight	76	85	70	79	68	80	67	78	80	80	81	78	1	1	24	2	-99	177	44
2200	four_eight	50	53	50	52	50	53	50	53	52	52	52	52	1	1	49	1	-99	152	45
2201	four_eight	32	20	61	42	61	45	67	56	49	43	59	86	1	1	26	2	-99	254	46
2204	four_eight	56	67	56	67	55	67	56	67	66	67	66	68	1	1	26	2	-99	326	47
2205	four_eight	72	40	75	84	72	85	55	81	86	86	85	38	1	1	22	2	-99	134	48
2206	four_eight	100	100	100	100	100	100	100	100	100	100	100	100	1	1	21	2	No errors	120	49
2209	four_eight	47	19	46	20	46	19	46	20	23	20	20	20	1	1	30	2	none	507	50
