sID	first_absent_strength	first_present_strength	fourth_absent_strength	fourth_present_strength	second_absent_strength	second_present_strength	third_absent_strength	third_present_strength	Desktop_Confirmation	Attention_Confirmation	Age	Sex	Technical_issues	Duration (sek)	sID_cond
2413	0	100	0	100	0	100	0	100	1	1	55	2	-99	558	1
2414	0	25	0	25	0	25	0	25	1	1	65	1	its OK - just a bit puzzled that there were two different grey colours!  I assumed two greys - eight segments in total.	473	1
2415	0	80	0	80	1	80	0	80	1	1	46	2	-99	214	1
2416	0	75	0	75	0	75	0	75	1	1	25	2	-99	256	1
2417	0	75	0	75	0	75	0	75	1	1	30	2	-99	456	1
2418	0	75	0	75	0	75	0	75	1	1	23	2	-99	196	1
2419	0	75	75	75	0	75	0	75	1	1	34	2	-99	555	1
2421	0	80	0	80	0	80	0	80	1	1	20	1	-99	323	1
2422	0	75	0	75	0	75	0	75	1	1	33	2	-99	248	1
2423	19	31	17	46	37	37	22	2	1	1	41	2	-99	123	1
2424	0	87	0	87	0	87	0	87	1	1	22	2	-99	199	1
2425	0	25	0	25	0	25	0	25	1	1	25	1	-99	414	1
2426	0	75	0	75	0	75	0	75	1	1	32	2	-99	304	1
2428	0	100	0	100	0	0	1	100	1	1	44	2	-99	447	1
2429	59	42	50	41	39	52	20	43	1	1	34	2	-99	582	1
2430	0	75	0	75	0	75	0	75	1	1	18	2	-99	249	1
2431	0	75	0	75	0	75	0	75	1	1	70	1	-99	722	1
2432	94	35	26	8	69	90	48	98	1	1	50	2	-99	553	1
2433	0	75	0	75	0	75	0	75	1	1	37	1	-99	241	1
2434	2	100	2	100	2	100	2	100	1	1	35	2	No errors	541	1
2435	NA	75	15	27	27	61	25	51	1	1	36	2	-99	213	1
2436	0	75	0	75	0	75	0	75	1	1	22	2	-99	97	1
2437	57	26	33	36	35	44	39	61	1	1	41	1	-99	108	1
2438	0	100	0	99	0	99	0	99	1	1	41	2	No where to enter profliic Id 611b586707058aa853d7776d	161	1
2439	0	100	0	2	0	100	0	100	1	1	19	2	-99	366	1
2440	0	75	0	75	0	75	0	75	1	1	23	2	-99	313	1
2441	0	75	0	75	0	75	0	75	1	1	27	2	-99	143	1
2442	1	99	1	100	1	100	1	100	1	1	39	2	I didn't face any issue with the study	592	1
2443	0	56	0	6	0	36	0	0	1	1	25	1	-99	149	1
2444	0	75	0	75	0	75	0	75	1	1	30	1	-99	233	1
2445	0	75	75	75	0	75	0	75	1	1	51	1	none	262	1
2446	0	75	0	75	0	75	0	75	1	1	31	2	-99	218	1
2447	0	50	50	50	0	50	0	50	1	1	20	2	-99	151	1
2448	0	80	0	80	0	80	0	80	1	1	18	2	-99	271	1
2449	32	69	61	38	44	NA	28	84	1	1	32	2	-99	73	1
2451	0	75	0	75	0	75	0	75	1	1	21	2	-99	605	1
2452	50	100	50	99	50	100	50	100	1	1	46	2	-99	118	1
2453	0	75	0	75	0	75	0	75	1	1	27	1	-99	173	1
2454	0	100	0	100	0	NA	0	100	1	1	39	2	all clear	680	1
2455	0	80	0	80	0	80	0	80	1	1	38	2	-99	262	1
2456	0	75	0	75	NA	75	0	75	1	1	35	2	-99	192	1
2457	1	76	0	75	0	75	0	75	1	1	44	2	No errors and the instructions seemed clear	204	1
2458	0	75	0	75	0	75	0	75	1	1	47	2	-99	236	1
2459	0	60	0	60	0	60	0	60	1	1	47	2	-99	275	1
2460	0	50	0	50	0	50	NA	50	1	1	26	2	-99	207	1
2461	0	80	0	80	0	80	0	80	1	1	24	2	no, none	364	1
2462	0	70	0	70	0	70	0	70	1	1	28	2	-99	390	1
2463	0	75	0	32	0	75	0	75	1	1	68	1	-99	736	1
2465	2	100	2	100	1	99	2	100	1	1	48	2	-99	363	1
2466	0	75	0	74	0	74	0	74	1	1	44	1	-99	437	1
2467	50	50	75	25	75	50	75	25	1	1	18	2	-99	222	1
2468	0	100	0	100	0	100	0	100	1	1	41	2	-99	317	1
2469	0	100	0	100	0	99	0	100	1	1	29	2	-99	217	1
2470	0	75	0	75	0	75	0	75	1	1	19	2	none	173	1
2472	44	42	59	42	58	50	NA	38	1	1	28	2	-99	50	1
2473	0	75	0	75	0	75	0	75	1	1	21	2	-99	239	1
2475	0	100	0	100	0	100	0	100	1	1	44	1	-99	348	1
2477	0	50	0	50	1	50	0	50	1	1	30	2	-99	355	1
2478	0	50	1	50	0	50	0	83	1	1	41	2	-99	575	1
2479	0	80	0	80	0	80	0	80	1	1	24	2	-99	343	1
2480	0	75	0	75	0	75	0	75	1	1	51	1	-99	215	1
2481	0	75	0	75	0	75	0	75	1	1	48	2	None thank you.	267	1
2483	0	25	0	25	0	25	0	25	1	1	58	1	None.	308	1
2484	8	5	1	1	5	5	2	2	1	1	35	2	-99	145	1
2485	0	75	0	75	0	75	0	75	1	1	43	2	-99	178	1
2486	0	94	0	84	69	NA	0	69	1	1	25	2	-99	94	1
2487	0	75	0	75	0	75	0	75	1	1	26	1	N/A	418	1
2489	0	75	0	75	0	75	0	75	1	1	44	2	-99	345	1
2490	51	59	50	71	74	45	17	100	1	1	26	2	-99	296	1
2491	100	50	0	0	67	0	0	0	1	1	19	2	-99	384	1
2492	0	75	0	75	0	75	0	75	1	1	32	1	You need to have a return wire to the battery if you want a current to flow.	279	1
2493	38	40	44	33	36	32	44	48	1	1	37	1	-99	205	1
2494	0	75	0	75	0	75	0	75	1	1	28	2	-99	244	1
2495	0	100	0	99	2	100	0	99	1	1	68	2	nothing except when trying to ensure I fix the marker at 100% it came out at 99%, and when trying to fix the marker at 0% it came out at 1%.	292	1
2496	0	80	0	80	0	80	1	80	1	1	64	1	-99	363	1
2497	NA	1	1	1	1	0	1	1	1	1	64	2	-99	232	1
2498	1	60	1	75	0	61	0	75	1	1	29	2	-99	269	1
2500	0	100	1	99	0	100	1	99	1	1	31	2	-99	216	1
2501	0	75	0	75	0	75	0	75	1	1	29	2	None	280	1
2502	0	75	0	75	0	75	0	75	1	1	29	2	none	394	1
2504	0	100	0	100	0	100	0	100	1	1	30	2	-99	214	1
2505	0	99	1	99	0	99	0	100	1	1	57	1	-99	108	1
2506	0	75	0	75	0	75	0	75	1	1	43	1	-99	289	1
2508	0	86	0	86	0	86	0	86	1	1	41	2	-99	327	1
2509	0	25	0	25	0	25	0	25	1	1	41	2	-99	294	1
2510	25	75	25	75	25	75	25	75	1	1	48	1	-99	306	1
2511	NA	100	0	100	0	100	0	100	1	1	18	1	-99	154	1
2512	0	23	0	23	0	23	0	23	1	1	42	2	-99	234	1
2513	0	75	0	75	0	75	0	75	1	1	60	1	-99	249	1
2514	83	4	63	13	87	5	79	4	1	1	26	2	-99	744	1
2515	0	75	0	75	0	75	0	75	1	1	30	2	-99	204	1
2516	0	38	0	38	0	38	0	38	1	1	19	3	-99	238	1
2517	0	75	0	75	0	75	0	75	1	1	25	2	-99	195	1
2518	53	52	NA	NA	50	49	NA	51	1	1	20	1	NO ERRORS AT ALL.	426	1
2519	0	36	61	0	100	48	24	50	1	1	19	2	-99	95	1
2520	0	75	0	75	0	75	0	75	1	1	26	1	-99	280	1
2521	0	75	0	75	0	61	0	67	1	1	27	1	Not applicable	213	1
2522	0	75	0	75	0	75	0	75	1	1	33	1	-99	254	1
2523	0	80	0	80	0	80	0	80	1	1	40	2	None, thank you	1256	1
2524	0	60	0	60	0	60	0	60	1	1	22	2	-99	181	1
2525	0	75	0	75	0	75	0	75	1	1	23	2	-99	161	1
2526	15	50	5	75	15	75	15	90	1	1	41	1	-99	190	1
2527	1	71	1	67	0	70	1	68	1	1	39	2	-99	178	1
2528	NA	77	1	77	0	77	0	76	1	1	44	1	Nothing obvious	181	1
2529	0	11	0	11	0	10	1	26	1	1	66	2	-99	175	1
2532	0	75	0	75	0	75	0	75	1	1	54	2	-99	354	1
2534	0	75	0	75	0	75	0	75	1	1	41	2	-99	226	1
2535	0	75	0	75	1	75	0	75	1	1	27	2	N/A	565	1
2536	1	100	1	99	1	100	0	99	1	1	53	2	-99	150	1
2537	0	75	0	75	0	75	0	75	1	1	49	1	-99	163	1
2539	0	75	0	75	0	75	0	75	1	1	42	1	-99	316	1
2540	0	99	1	100	0	100	0	100	1	1	63	2	-99	207	1
2541	71	51	70	76	50	59	63	49	1	1	33	1	-99	105	1
2543	49	31	11	58	75	69	43	38	1	1	27	2	-99	140	1
2544	0	75	0	75	0	75	0	75	1	1	29	2	-99	286	1
2545	0	75	0	75	0	75	0	75	1	1	33	2	-99	191	1
2546	0	75	0	75	0	75	75	75	1	1	42	1	-99	228	1
2547	0	75	0	75	0	75	0	75	1	1	31	1	No errors, thanks.	236	1
2548	0	75	0	75	0	75	0	75	1	1	43	1	No errors to report.	365	1
2549	0	50	1	50	0	50	0	50	1	1	21	1	-99	194	1
2550	0	75	0	75	0	75	0	75	1	1	42	2	-99	400	1
2551	0	75	0	75	0	75	0	75	1	1	43	1	-99	278	1
2552	0	75	0	75	0	75	0	75	1	1	49	2	There were no errors as far as I can tell.	609	1
2553	0	75	0	75	0	75	0	75	1	1	30	2	-99	326	1
2554	0	75	0	75	0	75	0	75	1	1	20	2	-99	593	1
2555	0	75	0	75	0	75	0	75	1	1	37	2	-99	1886	1
2556	0	100	0	100	0	100	0	100	1	1	26	1	-99	161	1
2557	99	99	100	100	0	100	0	99	1	1	48	2	-99	855	1
2558	1	100	1	100	1	100	2	100	1	1	25	2	there were no issues, thank you very much, the survey was very interesting.	972	1
2559	0	0	0	0	0	0	0	0	1	1	59	2	Hello,   after maximising the screen as instructed, I was unable to minimise it/open new window to access my Prolific ID.	570	1
2560	0	75	0	75	0	75	0	75	1	1	21	1	None	436	1
2561	75	75	75	75	75	75	75	75	1	1	35	1	-99	557	1
2562	0	6	0	1	0	2	0	1	1	1	29	1	-99	210	1
2563	0	25	25	25	25	25	0	25	1	1	59	1	no errors	376	1
2564	0	99	0	100	0	100	0	100	1	1	41	1	-99	106	1
2565	0	75	0	75	0	75	0	75	1	1	41	4	-99	216	1
2566	48	75	52	32	50	66	75	40	1	1	51	2	-99	573	1
2567	0	100	0	99	1	100	0	100	1	1	39	2	-99	350	1
2568	1	50	50	50	50	50	50	50	1	1	54	2	-99	326	1
2569	87	13	87	13	87	13	87	13	1	1	38	1	-99	245	1
