sID	Condition	Cause_order	Query_order	multiple_strength_rating	no_conn_strength_rating	single_strength_rating	Desktop_Confirmation	Attention_Confirmation	Age	Sex	Technical_issues	Duration (sek)	sID_cond
73	36	0_1_3	0_1_3	99	1	100	1	1	25	2	-99	111	1
90	36	0_1_3	0_1_3	99	1	100	1	1	33	2	-99	309	2
91	36	0_1_3	0_1_3	78	0	78	1	1	29	1	-99	122	3
159	36	0_1_3	0_1_3	100	0	100	1	1	20	2	-99	190	4
210	36	0_1_3	0_1_3	51	0	49	1	1	21	1	-99	112	5
257	36	0_1_3	0_1_3	90	1	82	1	1	21	2	-99	122	6
72	30	0_3_1	0_1_3	100	3	100	1	1	62	2	-99	125	1
104	30	0_3_1	0_1_3	100	0	52	1	1	33	1	-99	111	2
148	30	0_3_1	0_1_3	83	0	82	1	1	31	2	-99	125	3
151	30	0_3_1	0_1_3	68	0	68	1	1	26	2	i was unsure whether it was asking me to estimate the chance of landing on yellow and then reading the diagram, or whether 'on' implied it would land on yellow	253	4
205	30	0_3_1	0_1_3	71	0	71	1	1	22	2	No errors encountered.	179	5
229	30	0_3_1	0_1_3	100	0	34	1	1	28	1	-99	98	6
40	24	1_0_3	0_1_3	72	1	73	1	1	38	2	-99	131	1
111	24	1_0_3	0_1_3	63	1	62	1	1	35	2	-99	98	2
122	24	1_0_3	0_1_3	75	0	75	1	1	44	2	-99	106	3
171	24	1_0_3	0_1_3	77	1	78	1	1	22	1	No errors	238	4
211	24	1_0_3	0_1_3	82	0	82	1	1	44	1	-99	111	5
255	24	1_0_3	0_1_3	34	0	100	1	1	30	2	No errors	146	6
67	18	1_3_0	0_1_3	92	4	94	1	1	41	2	-99	80	1
88	18	1_3_0	0_1_3	80	0	80	1	1	22	2	-99	118	2
142	18	1_3_0	0_1_3	33	0	100	1	1	46	2	-99	124	3
169	18	1_3_0	0_1_3	72	1	100	1	1	46	2	-99	140	4
220	18	1_3_0	0_1_3	100	0	100	1	1	52	1	-99	176	5
251	18	1_3_0	0_1_3	84	0	83	1	1	43	1	-99	97	6
119	12	3_0_1	0_1_3	70	0	69	1	1	18	1	-99	189	1
143	12	3_0_1	0_1_3	100	1	99	1	1	35	1	no errors	106	2
144	12	3_0_1	0_1_3	73	0	73	1	1	48	2	-99	236	3
177	12	3_0_1	0_1_3	26	0	26	1	1	47	1	-99	393	4
250	12	3_0_1	0_1_3	31	0	71	1	1	20	2	-99	56	5
267	12	3_0_1	0_1_3	100	0	99	1	1	22	2	no errors	140	6
49	6	3_1_0	0_1_3	74	0	73	1	1	22	1	-99	160	1
89	6	3_1_0	0_1_3	47	2	100	1	1	28	2	None	101	2
134	6	3_1_0	0_1_3	50	0	24	1	1	52	2	-99	111	3
196	6	3_1_0	0_1_3	75	0	75	1	1	20	2	-99	132	4
209	6	3_1_0	0_1_3	76	0	76	1	1	31	1	-99	209	5
252	6	3_1_0	0_1_3	79	0	79	1	1	31	1	n/a	86	6
43	35	0_1_3	0_3_1	100	1	99	1	1	26	2	-99	102	1
81	35	0_1_3	0_3_1	99	100	100	1	1	25	1	-99	238	2
161	35	0_1_3	0_3_1	27	0	72	1	1	28	2	-99	164	3
162	35	0_1_3	0_3_1	75	0	75	1	1	53	1	-99	167	4
187	35	0_1_3	0_3_1	99	1	99	1	1	27	2	-99	142	5
248	35	0_1_3	0_3_1	100	0	100	1	1	24	1	n/a	67	6
58	29	0_3_1	0_3_1	41	0	41	1	1	36	1	-99	201	1
92	29	0_3_1	0_3_1	100	0	100	1	1	22	1	-99	103	2
121	29	0_3_1	0_3_1	23	0	66	1	1	27	2	-99	147	3
146	29	0_3_1	0_3_1	99	0	99	1	1	27	2	-99	205	4
225	29	0_3_1	0_3_1	99	0	99	1	1	34	2	-99	124	5
242	29	0_3_1	0_3_1	67	0	72	1	1	30	2	-99	100	6
47	23	1_0_3	0_3_1	31	0	31	1	1	33	1	-99	179	1
116	23	1_0_3	0_3_1	67	10	67	1	1	37	2	-99	127	2
141	23	1_0_3	0_3_1	34	0	100	1	1	25	2	-99	102	3
186	23	1_0_3	0_3_1	73	0	73	1	1	43	1	-99	137	4
193	23	1_0_3	0_3_1	78	2	78	1	1	49	2	-99	280	5
237	23	1_0_3	0_3_1	31	0	99	1	1	54	2	no errors spotted	167	6
71	17	1_3_0	0_3_1	81	0	98	1	1	27	1	-99	193	1
136	17	1_3_0	0_3_1	78	0	91	1	1	20	2	-99	153	2
183	17	1_3_0	0_3_1	100	1	99	1	1	24	1	-99	115	3
221	17	1_3_0	0_3_1	100	0	100	1	1	22	2	-99	121	4
262	17	1_3_0	0_3_1	86	0	88	1	1	38	1	None	176	5
270	17	1_3_0	0_3_1	33	0	52	1	1	64	2	NONE	324	6
62	11	3_0_1	0_3_1	99	0	100	1	1	23	1	-99	191	1
96	11	3_0_1	0_3_1	72	0	72	1	1	44	2	Sorry I didn't enter my prolific ID. It's 615beb6b1691b0117a109842, that was my fault, the survey is good.	165	2
131	11	3_0_1	0_3_1	64	8	29	1	1	28	2	-99	76	3
154	11	3_0_1	0_3_1	76	0	76	1	1	53	2	-99	80	4
166	11	3_0_1	0_3_1	99	1	100	1	1	26	2	-99	227	5
234	11	3_0_1	0_3_1	20	100	6	1	1	46	1	None	198	6
48	5	3_1_0	0_3_1	92	92	100	1	1	24	1	-99	975	1
97	5	3_1_0	0_3_1	99	1	98	1	1	23	2	-99	358	2
102	5	3_1_0	0_3_1	80	0	80	1	1	36	1	-99	196	3
167	5	3_1_0	0_3_1	94	2	81	1	1	22	2	I did not experience any problems.	280	4
219	5	3_1_0	0_3_1	47	0	85	1	1	30	2	-99	139	5
226	5	3_1_0	0_3_1	71	0	71	1	1	25	1	-99	171	6
76	34	0_1_3	1_0_3	82	0	81	1	1	39	1	no errors or issues	110	1
80	34	0_1_3	1_0_3	100	2	99	1	1	39	2	-99	237	2
139	34	0_1_3	1_0_3	49	0	74	1	1	46	1	-99	233	3
207	34	0_1_3	1_0_3	91	0	69	1	1	36	1	-99	78	4
246	34	0_1_3	1_0_3	99	1	99	1	1	40	2	N/A	1180	5
272	34	0_1_3	1_0_3	99	100	0	1	1	51	2	-99	155	6
56	28	0_3_1	1_0_3	56	67	73	1	1	33	1	-99	198	1
115	28	0_3_1	1_0_3	12	0	79	1	1	38	2	-99	195	2
123	28	0_3_1	1_0_3	100	0	100	1	1	21	2	-99	94	3
165	28	0_3_1	1_0_3	95	0	98	1	1	24	1	-99	108	4
197	28	0_3_1	1_0_3	53	99	99	1	1	29	2	-99	396	5
244	28	0_3_1	1_0_3	97	0	94	1	1	34	2	-99	214	6
74	22	1_0_3	1_0_3	99	0	99	1	1	44	1	-99	140	1
103	22	1_0_3	1_0_3	76	0	76	1	1	41	1	-99	326	2
135	22	1_0_3	1_0_3	99	2	100	1	1	53	2	-99	184	3
190	22	1_0_3	1_0_3	99	0	100	1	1	28	2	I did not come across any errors during the study.	177	4
212	22	1_0_3	1_0_3	100	0	100	1	1	26	2	-99	82	5
232	22	1_0_3	1_0_3	79	2	100	1	1	23	2	None that I could see.	386	6
77	16	1_3_0	1_0_3	76	0	75	1	1	27	1	-99	337	1
84	16	1_3_0	1_0_3	73	0	73	1	1	50	2	-99	146	2
124	16	1_3_0	1_0_3	56	66	73	1	1	49	1	-99	221	3
160	16	1_3_0	1_0_3	30	0	100	1	1	41	2	-99	157	4
188	16	1_3_0	1_0_3	36	1	36	1	1	60	1	-99	292	5
253	16	1_3_0	1_0_3	100	0	96	1	1	37	2	-99	76	6
65	10	3_0_1	1_0_3	62	1	77	1	1	19	1	-99	191	1
117	10	3_0_1	1_0_3	93	1	37	1	1	33	2	-99	152	2
164	10	3_0_1	1_0_3	35	1	37	1	1	48	2	none	134	3
200	10	3_0_1	1_0_3	100	1	67	1	1	24	2	No errors encountered.	341	4
239	10	3_0_1	1_0_3	27	0	100	1	1	33	1	-99	199	5
265	10	3_0_1	1_0_3	92	9	96	1	1	26	2	-99	220	6
44	4	3_1_0	1_0_3	79	1	77	1	1	24	1	-99	122	1
64	4	3_1_0	1_0_3	48	43	77	1	1	33	2	No errors to report	295	2
127	4	3_1_0	1_0_3	92	1	89	1	1	39	2	-99	132	3
156	4	3_1_0	1_0_3	73	0	70	1	1	23	1	-99	155	4
203	4	3_1_0	1_0_3	75	0	73	1	1	24	1	-99	99	5
228	4	3_1_0	1_0_3	86	0	85	1	1	46	1	-99	151	6
54	33	0_1_3	1_3_0	53	55	39	1	1	26	2	None	37	1
107	33	0_1_3	1_3_0	65	1	41	1	1	25	2	-99	94	2
125	33	0_1_3	1_3_0	100	0	100	1	1	30	1	Could not find any issues.	127	3
175	33	0_1_3	1_3_0	100	4	100	1	1	34	2	-99	157	4
216	33	0_1_3	1_3_0	77	0	77	1	1	18	1	-99	116	5
217	33	0_1_3	1_3_0	79	0	78	1	1	39	2	-99	134	6
50	27	0_3_1	1_3_0	39	1	39	1	1	28	1	-99	93	1
108	27	0_3_1	1_3_0	62	1	64	1	1	42	1	-99	123	2
140	27	0_3_1	1_3_0	75	1	74	1	1	28	2	-99	112	3
195	27	0_3_1	1_3_0	74	1	74	1	1	47	1	-99	179	4
208	27	0_3_1	1_3_0	71	0	71	1	1	27	1	-99	120	5
214	27	0_3_1	1_3_0	33	0	33	1	1	35	1	I would have to look again to be confident in answering , but nothing stood out at the time so I don't think so .	556	6
46	21	1_0_3	1_3_0	74	0	74	1	1	34	1	none	106	1
112	21	1_0_3	1_3_0	74	0	73	1	1	32	3	-99	132	2
130	21	1_0_3	1_3_0	99	1	99	1	1	24	1	-99	275	3
137	21	1_0_3	1_3_0	33	0	33	1	1	45	1	I was unsure from the diagrams if segments of the roulette wheel were intended to show 3 yellow, 3 orange and 2 grey segments, or if the orange and yellow segments were both supposed to be  yellow.	274	4
223	21	1_0_3	1_3_0	50	51	99	1	1	24	1	-99	119	5
231	21	1_0_3	1_3_0	100	0	100	1	1	22	1	-99	86	6
93	15	1_3_0	1_3_0	44	0	77	1	1	34	2	-99	90	1
128	15	1_3_0	1_3_0	99	0	99	1	1	52	2	-99	562	2
176	15	1_3_0	1_3_0	71	0	71	1	1	53	2	-99	201	3
227	15	1_3_0	1_3_0	74	0	74	1	1	24	1	-99	82	4
249	15	1_3_0	1_3_0	29	1	73	1	1	34	2	-99	129	5
269	15	1_3_0	1_3_0	54	1	100	1	1	27	2	-99	152	6
41	9	3_0_1	1_3_0	100	0	100	1	1	25	1	-99	660	1
51	9	3_0_1	1_3_0	30	60	62	1	1	42	1	-99	2342	2
155	9	3_0_1	1_3_0	94	3	92	1	1	31	2	-99	182	3
158	9	3_0_1	1_3_0	60	2	60	1	1	61	2	-99	237	4
184	9	3_0_1	1_3_0	96	2	99	1	1	46	2	-99	127	5
215	9	3_0_1	1_3_0	76	0	76	1	1	33	1	-99	180	6
52	3	3_1_0	1_3_0	90	0	90	1	1	51	2	Understanding spelt wrong on the initial page. Aside from this, no errors were identified.	301	1
114	3	3_1_0	1_3_0	100	0	100	1	1	26	2	-99	109	2
145	3	3_1_0	1_3_0	99	0	100	1	1	34	2	-99	104	3
173	3	3_1_0	1_3_0	99	2	99	1	1	55	2	-99	108	4
213	3	3_1_0	1_3_0	84	1	83	1	1	24	2	-99	158	5
222	3	3_1_0	1_3_0	100	0	100	1	1	33	2	-99	164	6
63	32	0_1_3	3_0_1	73	0	72	1	1	21	1	none	127	1
118	32	0_1_3	3_0_1	27	0	25	1	1	25	2	none	126	2
147	32	0_1_3	3_0_1	32	0	25	1	1	52	2	-99	111	3
182	32	0_1_3	3_0_1	99	1	99	1	1	75	1	-99	162	4
202	32	0_1_3	3_0_1	100	1	99	1	1	63	2	-99	123	5
243	32	0_1_3	3_0_1	79	47	48	1	1	39	1	-99	854	6
55	26	0_3_1	3_0_1	100	0	99	1	1	54	2	None at all	151	1
87	26	0_3_1	3_0_1	52	1	100	1	1	19	2	-99	113	2
138	26	0_3_1	3_0_1	77	0	77	1	1	32	1	-99	191	3
157	26	0_3_1	3_0_1	100	4	63	1	1	21	2	none	196	4
179	26	0_3_1	3_0_1	25	0	80	1	1	25	1	-99	-1	5
236	26	0_3_1	3_0_1	59	34	71	1	1	30	2	none	67	6
42	20	1_0_3	3_0_1	76	0	77	1	1	40	2	-99	118	1
85	20	1_0_3	3_0_1	100	0	100	1	1	25	2	-99	104	2
181	20	1_0_3	3_0_1	70	0	37	1	1	34	2	-99	147	3
189	20	1_0_3	3_0_1	100	0	100	1	1	38	2	-99	188	4
254	20	1_0_3	3_0_1	76	0	76	1	1	53	1	It wasn't exactly clear to me whether the wheels consisted of two colours (yellow and gray) or three colours (yellow, orange and gray). I wasn't sure whether the alternate coloured segments which were more orange than yellow were designed to be a different colour, or whether that was just a graphic design to make it easier to count the segments. I answered the questions as though the 'orange' segments were to be counted as 'yellow'. If the orange segments were supposed to be regarded as 'not yellow' then my answers would need to be halved.     I was also a bit confused by the red buttons - the wording sort of implied that they would be turned to on, but I thought they looked more like a push button, which would be more logical for such a device i.e. press once to make it spin once.	750	5
271	20	1_0_3	3_0_1	100	0	100	1	1	24	1	-99	194	6
68	14	1_3_0	3_0_1	37	1	50	1	1	46	2	-99	90	1
98	14	1_3_0	3_0_1	74	2	83	1	1	22	2	NO ISSUES	160	2
109	14	1_3_0	3_0_1	73	0	75	1	1	31	1	-99	103	3
170	14	1_3_0	3_0_1	99	2	99	1	1	64	1	All good. Thanks very much and good luck with your research.	331	4
180	14	1_3_0	3_0_1	55	44	75	1	1	28	2	-99	425	5
245	14	1_3_0	3_0_1	73	0	72	1	1	39	2	-99	207	6
57	8	3_0_1	3_0_1	31	42	44	1	1	33	2	-99	75	1
83	8	3_0_1	3_0_1	35	0	35	1	1	33	2	-99	166	2
110	8	3_0_1	3_0_1	100	0	99	1	1	45	1	none	237	3
192	8	3_0_1	3_0_1	47	0	47	1	1	28	1	-99	95	4
194	8	3_0_1	3_0_1	100	1	99	1	1	66	2	-99	241	5
256	8	3_0_1	3_0_1	74	0	77	1	1	29	2	-99	138	6
78	2	3_1_0	3_0_1	83	2	88	1	1	27	2	-99	131	1
95	2	3_1_0	3_0_1	70	0	70	1	1	36	1	-99	168	2
150	2	3_1_0	3_0_1	74	0	75	1	1	26	1	-99	122	3
191	2	3_1_0	3_0_1	99	1	100	1	1	69	2	-99	208	4
198	2	3_1_0	3_0_1	94	0	68	1	1	24	2	-99	160	5
230	2	3_1_0	3_0_1	70	0	73	1	1	24	1	-99	187	6
59	31	0_1_3	3_1_0	99	1	100	1	1	43	1	-99	133	1
99	31	0_1_3	3_1_0	30	1	29	1	1	48	2	-99	106	2
129	31	0_1_3	3_1_0	92	1	92	1	1	60	2	none	138	3
163	31	0_1_3	3_1_0	67	1	66	1	1	26	2	-99	347	4
204	31	0_1_3	3_1_0	85	0	84	1	1	25	1	-99	224	5
240	31	0_1_3	3_1_0	74	1	75	1	1	28	2	-99	108	6
70	25	0_3_1	3_1_0	75	0	75	1	1	18	3	-99	156	1
106	25	0_3_1	3_1_0	100	99	99	1	1	42	1	-99	136	2
153	25	0_3_1	3_1_0	98	1	98	1	1	60	2	-99	178	3
185	25	0_3_1	3_1_0	96	0	95	1	1	31	2	None	247	4
218	25	0_3_1	3_1_0	52	0	99	1	1	31	1	-99	159	5
224	25	0_3_1	3_1_0	99	1	33	1	1	56	2	-99	124	6
53	19	1_0_3	3_1_0	95	0	95	1	1	57	2	No problems	387	1
94	19	1_0_3	3_1_0	49	3	92	1	1	20	1	All good, thanks	121	2
113	19	1_0_3	3_1_0	29	0	29	1	1	23	2	No issues thank you	167	3
178	19	1_0_3	3_1_0	81	0	80	1	1	61	1	Nothing of note	143	4
199	19	1_0_3	3_1_0	74	1	74	1	1	38	2	-99	346	5
233	19	1_0_3	3_1_0	100	0	100	1	1	26	1	None what so ever!	191	6
61	13	1_3_0	3_1_0	81	1	88	1	1	19	2	-99	105	1
101	13	1_3_0	3_1_0	80	1	80	1	1	19	1	-99	85	2
133	13	1_3_0	3_1_0	71	0	71	1	1	22	1	-99	94	3
201	13	1_3_0	3_1_0	22	0	74	1	1	28	2	na	164	4
247	13	1_3_0	3_1_0	33	1	33	1	1	28	2	-99	126	5
268	13	1_3_0	3_1_0	70	0	50	1	1	34	1	None	153	6
69	7	3_0_1	3_1_0	99	1	100	1	1	53	2	-99	330	1
86	7	3_0_1	3_1_0	99	27	99	1	1	44	1	-99	141	2
126	7	3_0_1	3_1_0	80	0	81	1	1	39	1	-99	200	3
132	7	3_0_1	3_1_0	67	0	68	1	1	20	1	-99	116	4
206	7	3_0_1	3_1_0	67	1	63	1	1	53	2	-99	123	5
238	7	3_0_1	3_1_0	100	1	100	1	1	36	2	-99	86	6
75	1	3_1_0	3_1_0	100	1	100	1	1	34	2	-99	229	1
82	1	3_1_0	3_1_0	85	0	86	1	1	28	2	-99	158	2
149	1	3_1_0	3_1_0	83	0	83	1	1	24	2	-	155	3
168	1	3_1_0	3_1_0	85	0	85	1	1	47	2	-99	269	4
172	1	3_1_0	3_1_0	75	1	75	1	1	64	1	-99	134	5
241	1	3_1_0	3_1_0	100	0	99	1	1	34	2	-99	113	6
